1103 1167 59 41 60
49 49 32 33 31
41 0 0 40 32
43 37 34 26 32
32 30 0 0 46
59 63 58 67 66
70 62 62 0 0
45 57 43 55 56
52 53 49 57 695
706 27 39 39 38
38 39 40 34 36
0 0 52 49 44
49 48 42 44 41
46 0 0 74 71
74 66 62 66 66
70 67 715 743 46
49 48 51 52 46
48 48 42 0 0
19 36 33 27 26
30 31 31 30 0
0 45 66 53 57
58 79 78 74 75
0 0 91 101 119
117 118 104 111 114
114 0 0 44 70
49 66 65 78 80
78 77 0 0 22
29 25 24 24 24
25 21 19 0 0
33 60 43 52 49
56 60 53 53 0
0 46 57 65 76
72 69 74 70 68
0 0 110 111 129
127 118 128 123 121
125 1098 1153 62 68
69 64 67 70 69
79 72 0 0 27
26 28 27 27 27
27 28 27 0 0
30 46 39 38 40
45 40 44 43 0
0 71 81 82 96
92 86 90 86 81
0 0 0 0 0
0 0 0 0 0
0 0 0 0 0
0 0 0 0 0
0 0 0 0 0
0 0 0 0 0
0 0 0 0 0
0 0 0 0 0
0 0 0 0 0
0 0 0 0 0
0 0 0 0 0
0 0 0 0 0
0 0 0 0 0
0 0 0 0 0
0 0 0 0 0
0 0 260 102 2882
2723 2723 2697 2709 2706
2677 2705 2706 0 0
0 0 0 0 0
0 0 0 0 0
0 0 0 0 0
0 0 0 0 0
0 0 0 0 0
0 0 0 0 0
0
