"A"	"R"	"N"	"D"	"C"	"Q"	"E"	"G"	"H"	"I"	"L"	"K"	"M"	"F"	"P"	"S"	"T"	"W"	"Y"	"V"	"U"	"O"	"B"	"J"	"Z"	"X"	"*"	"-"	"+"	"."	"other"
"1"	1103	0	0	0	695	0	0	715	0	0	0	0	0	0	0	0	1098	0	0	0	0	0	0	0	0	0	0	260	0	0	0
"2"	1167	0	0	0	706	0	0	743	0	0	0	0	0	0	0	0	1153	0	0	0	0	0	0	0	0	0	0	102	0	0	0
"3"	59	40	46	45	27	52	74	46	19	45	91	44	22	33	46	110	62	27	30	71	0	0	0	0	0	0	0	2882	0	0	0
"4"	41	32	59	57	39	49	71	49	36	66	101	70	29	60	57	111	68	26	46	81	0	0	0	0	0	0	0	2723	0	0	0
"5"	60	43	63	43	39	44	74	48	33	53	119	49	25	43	65	129	69	28	39	82	0	0	0	0	0	0	0	2723	0	0	0
"6"	49	37	58	55	38	49	66	51	27	57	117	66	24	52	76	127	64	27	38	96	0	0	0	0	0	0	0	2697	0	0	0
"7"	49	34	67	56	38	48	62	52	26	58	118	65	24	49	72	118	67	27	40	92	0	0	0	0	0	0	0	2709	0	0	0
"8"	32	26	66	52	39	42	66	46	30	79	104	78	24	56	69	128	70	27	45	86	0	0	0	0	0	0	0	2706	0	0	0
"9"	33	32	70	53	40	44	66	48	31	78	111	80	25	60	74	123	69	27	40	90	0	0	0	0	0	0	0	2677	0	0	0
"10"	31	32	62	49	34	41	70	48	31	74	114	78	21	53	70	121	79	28	44	86	0	0	0	0	0	0	0	2705	0	0	0
"11"	41	30	62	57	36	46	67	42	30	75	114	77	19	53	68	125	72	27	43	81	0	0	0	0	0	0	0	2706	0	0	0
